2[[[0, 0] [0, 1] [1, 0] [1, 1]]
 [1 0 0 1]][ 0.00231796  0.00230535  0.00232356  0.00232684  0.00231505] : 0.00231775237249 : 5.54947701961e-11[ 0.00230688  0.00234231  0.66979135  0.0023359   0.00232424] : 0.135820135921 : 0.0712813153612[ 0.00432115  0.00404961  0.00328758  0.00271945  0.00390429] : 0.00365641510917 : 3.34369940437e-07
2[[[0, 0] [0, 1] [1, 0] [1, 1]]
 [0 1 0 1]][ 0.00066744  0.00066253  0.00094252  0.0006977   0.00065902] : 0.000725842861908 : 1.19252533826e-08[ 0.00066298  0.00065952  0.00093143  0.00066115  0.00066177] : 0.00071536810731 : 1.16719911938e-08[ 0.00051845  0.00054622  0.00040847  0.00055183  0.00050897] : 0.000506786903501 : 2.67816987192e-09
2[[[0, 0] [0, 1] [1, 0] [1, 1]]
 [0 0 0 0]][  5.36499070e-05   7.40265728e-05   8.21677427e-05   7.09526089e-05
   5.80675167e-05] : 6.77728696131e-05 : 1.10016773572e-10[ 0.  0.  0.  0.  0.] : 0.0 : 0.0[  6.95566276e-05   6.89132121e-05   6.64620458e-05   6.33579691e-05
   6.31846853e-05] : 6.62949079761e-05 : 7.16427235898e-12
2[[[0, 0] [0, 1] [1, 0] [1, 1]]
 [1 0 0 0]][ 0.00176556  0.00174651  0.00140452  0.0012382   0.00164931] : 0.00156081911236 : 4.25486014218e-08[ 0.00113269  0.00113377  0.00113204  0.00113152  0.00113058] : 0.00113212004267 : 1.15365148348e-12[ 0.00055928  0.00056012  0.00063181  0.00053055  0.00100091] : 0.000656534829037 : 3.07658440854e-08
2[[[0, 0] [0, 1] [1, 0] [1, 1]]
 [0 1 1 0]][ 0.00232604  0.00233174  0.00233975  0.00232349  0.00231231] : 0.00232666692793 : 8.26938839411e-11[ 0.00233023  0.00234398  0.00232644  0.00230887  0.00243412] : 0.00234872875628 : 1.94840301249e-09[ 0.00208282  0.00260057  0.00336021  0.00446106  0.00159825] : 0.00282058188975 : 1.01382983103e-06
