3[[[0, 0, 0] [0, 0, 1] [0, 1, 0] [0, 1, 1] [1, 0, 0] [1, 0, 1] [1, 1, 0]
  [1, 1, 1]]
 [0 0 1 0 0 0 1 0]][ 0.00159804  0.00174152  0.00144807  0.00169643  0.0015777 ] : 0.00161235348889 : 1.04301308983e-08[ 0.00108528  0.00108101  0.00179659  0.00108335  0.00108207] : 0.00122565890784 : 8.14933728586e-08[ 0.00047379  0.00047698  0.00046626  0.00045022  0.00053328] : 0.000480105277444 : 7.92426967284e-10
3[[[0, 0, 0] [0, 0, 1] [0, 1, 0] [0, 1, 1] [1, 0, 0] [1, 0, 1] [1, 1, 0]
  [1, 1, 1]]
 [1 1 1 0 1 1 1 0]][ 0.00108491  0.00108156  0.00108168  0.00108017  0.00108334] : 0.00108233104906 : 2.67147440287e-12[ 0.00136144  0.00141096  0.00144985  0.0013635   0.00136689] : 0.00139052877787 : 1.21437207148e-09[ 0.00051877  0.00067635  0.00050021  0.00052405  0.00065383] : 0.000574641887924 : 5.56729109969e-09
3[[[0, 0, 0] [0, 0, 1] [0, 1, 0] [0, 1, 1] [1, 0, 0] [1, 0, 1] [1, 1, 0]
  [1, 1, 1]]
 [0 0 0 1 0 0 1 1]][ 0.00186514  0.00182761  0.00195456  0.00187776  0.00198673] : 0.00190235759557 : 3.48432981474e-09[ 0.00218304  0.00213199  0.00220374  0.00227132  0.0021707 ] : 0.00219215786025 : 2.11276181348e-09[ 0.00086995  0.00077146  0.00074091  0.0007229   0.00074679] : 0.000770402324872 : 2.71908361704e-09
3[[[0, 0, 0] [0, 0, 1] [0, 1, 0] [0, 1, 1] [1, 0, 0] [1, 0, 1] [1, 1, 0]
  [1, 1, 1]]
 [1 1 1 1 0 1 0 0]][ 0.00226516  0.09236267  0.00226305  0.00227167  0.00204479] : 0.0202414677972 : 0.00130037421225[ 0.00182768  0.00183081  0.00182653  0.00206251  0.0020899 ] : 0.00192748722362 : 1.48217119033e-08[ 0.00074722  0.00081579  0.00083166  0.00074862  0.000767  ] : 0.000782058303738 : 1.23141643917e-09
3[[[0, 0, 0] [0, 0, 1] [0, 1, 0] [0, 1, 1] [1, 0, 0] [1, 0, 1] [1, 1, 0]
  [1, 1, 1]]
 [1 0 0 0 1 1 0 1]][ 0.00224002  0.00223206  0.00224334  0.00224444  0.00223612] : 0.00223919655542 : 2.11633458579e-11[ 0.00224055  0.00225086  0.00224383  0.00222089  0.00223505] : 0.00223823684638 : 1.01435672805e-10[ 0.00126263  0.00188453  0.00154265  0.00137387  0.0011478 ] : 0.00144229693394 : 6.58660943861e-08
